;#10. HRI Efficiency_SN10_V1
;
;  HRI End-to-end Response V1
;  Defined with transmittance and reflectance values from files #1. #2. #3. #5 (SN10 filter)
;  Including a grid factor value of 0.81 for each filter
;  HRI Detector response included (file #8)
;
;Lambda (nm)	HRI Optical Efficiency*Detector_SN10
1.1	1.91E-27
1.2	1.20E-25
1.3	3.21E-24
1.4	4.15E-23
1.5	3.39E-22
1.6	1.83E-21
1.7	8.94E-21
1.8	3.23E-20
1.9	7.20E-20
2	2.69E-19
2.1	1.46E-18
2.2	4.14E-17
2.3	1.52E-17
2.4	3.15E-18
2.5	2.04E-13
2.6	7.24E-17
2.7	1.86E-17
2.8	1.15E-16
2.9	4.18E-14
3	5.80E-17
3.1	8.32E-19
3.2	5.42E-17
3.3	2.92E-16
3.4	1.79E-15
3.5	5.65E-12
3.6	5.32E-15
3.7	6.34E-15
3.8	1.39E-14
3.9	1.71E-14
4	3.74E-14
4.1	6.01E-14
4.2	1.49E-13
4.3	1.80E-12
4.4	6.27E-11
4.5	2.45E-12
4.6	9.64E-13
4.7	1.66E-12
4.8	1.34E-12
4.9	1.84E-12
5	2.72E-12
5.1	3.69E-12
5.2	5.16E-12
5.3	6.88E-12
5.4	9.74E-12
5.5	1.55E-11
5.6	3.70E-11
5.7	2.46E-10
5.8	3.32E-09
5.9	5.86E-12
6	6.49E-14
6.1	9.47E-14
6.2	2.56E-13
6.3	4.34E-13
6.4	6.83E-13
6.5	9.71E-13
6.6	1.16E-12
6.7	1.35E-12
6.8	1.58E-12
6.9	1.92E-12
7	2.40E-12
7.1	3.19E-12
7.2	4.16E-12
7.3	5.33E-12
7.4	6.04E-12
7.5	6.97E-12
7.6	8.33E-12
7.7	1.05E-11
7.8	1.46E-11
7.9	2.22E-11
8	3.71E-11
8.1	8.32E-11
8.2	2.12E-10
8.3	6.57E-10
8.4	2.44E-09
8.5	1.20E-08
8.6	5.74E-08
8.7	7.54E-08
8.8	2.67E-08
8.9	8.93E-09
9	3.64E-09
9.1	1.78E-09
9.2	1.07E-09
9.3	7.60E-10
9.4	5.98E-10
9.5	4.74E-10
9.6	3.76E-10
9.7	2.94E-10
9.8	2.30E-10
9.9	1.76E-10
10	1.33E-10
10.1	1.21E-10
10.2	1.13E-10
10.3	1.02E-10
10.4	9.26E-11
10.5	8.73E-11
10.6	8.01E-11
10.7	6.74E-11
10.8	5.41E-11
10.9	4.14E-11
11	3.09E-11
11.1	4.03E-11
11.2	5.11E-11
11.3	6.08E-11
11.4	7.33E-11
11.5	9.31E-11
11.6	1.16E-10
11.7	1.46E-10
11.8	1.47E-10
11.9	1.42E-10
12	1.46E-10
12.1	1.52E-10
12.2	1.34E-10
12.3	3.24E-10
12.4	3.49E-10
12.5	2.44E-10
12.6	1.44E-10
12.7	8.30E-11
12.8	5.20E-11
12.9	2.80E-11
13	1.24E-11
13.1	2.87E-11
13.2	8.20E-11
13.3	1.42E-10
13.4	2.30E-10
13.5	3.50E-10
13.6	5.24E-10
13.7	7.76E-10
13.8	1.15E-09
13.9	1.69E-09
14	2.43E-09
14.1	4.01E-09
14.2	6.38E-09
14.3	9.66E-09
14.4	1.45E-08
14.5	2.32E-08
14.6	3.82E-08
14.7	6.04E-08
14.8	9.38E-08
14.9	1.41E-07
15	2.43E-07
15.1	3.95E-07
15.2	6.53E-07
15.3	1.14E-06
15.4	2.06E-06
15.5	3.30E-06
15.6	5.10E-06
15.7	9.06E-06
15.8	1.67E-05
15.9	2.83E-05
16	4.86E-05
16.1	8.47E-05
16.2	1.63E-04
16.3	2.88E-04
16.4	4.85E-04
16.5	8.37E-04
16.6	1.43E-03
16.7	2.34E-03
16.8	3.55E-03
16.9	3.93E-03
17	1.69E-02
17.1	4.99E-01
17.2	6.44E-01
17.3	7.01E-01
17.4	7.01E-01
17.5	5.90E-01
17.6	3.08E-01
17.7	5.55E-02
17.8	2.75E-02
17.9	3.50E-02
18	2.63E-02
18.1	1.05E-02
18.2	5.19E-03
18.3	5.75E-03
18.4	7.29E-03
18.5	6.26E-03
18.6	3.75E-03
18.7	2.28E-03
18.8	2.05E-03
18.9	2.36E-03
19	2.48E-03
19.1	2.06E-03
19.2	1.50E-03
19.3	1.36E-03
19.4	1.71E-03
19.5	1.69E-03
19.6	1.55E-03
19.7	1.24E-03
19.8	9.79E-04
19.9	8.44E-04
20	8.08E-04
20.1	8.30E-04
20.2	8.59E-04
20.3	8.42E-04
20.4	7.88E-04
20.5	7.15E-04
20.6	6.67E-04
20.7	6.52E-04
20.8	6.42E-04
20.9	6.45E-04
21	6.23E-04
21.1	5.98E-04
21.2	5.61E-04
21.3	5.31E-04
21.4	5.12E-04
21.5	5.05E-04
21.6	4.96E-04
21.7	4.90E-04
21.8	4.84E-04
21.9	4.73E-04
22	4.52E-04
22.1	4.39E-04
22.2	4.31E-04
22.3	4.26E-04
22.4	4.16E-04
22.5	4.09E-04
22.6	4.07E-04
22.7	4.01E-04
22.8	3.94E-04
22.9	3.82E-04
23	3.80E-04
23.1	3.74E-04
23.2	3.65E-04
23.3	3.59E-04
23.4	3.56E-04
23.5	3.50E-04
23.6	3.44E-04
23.7	3.37E-04
23.8	3.33E-04
23.9	3.26E-04
24	3.19E-04
24.1	3.18E-04
24.2	3.16E-04
24.3	3.08E-04
24.4	3.04E-04
24.5	3.09E-04
24.6	2.97E-04
24.7	2.92E-04
24.8	2.89E-04
24.9	2.84E-04
25	2.79E-04
25.1	2.74E-04
25.2	2.71E-04
25.3	2.67E-04
25.4	2.63E-04
25.5	2.59E-04
25.6	2.55E-04
25.7	2.52E-04
25.8	2.48E-04
25.9	2.45E-04
26	2.41E-04
26.1	2.38E-04
26.2	2.35E-04
26.3	2.31E-04
26.4	2.28E-04
26.5	2.26E-04
26.6	2.22E-04
26.7	2.19E-04
26.8	2.16E-04
26.9	2.12E-04
27	2.07E-04
27.1	2.03E-04
27.2	2.01E-04
27.3	1.99E-04
27.4	1.96E-04
27.5	1.94E-04
27.6	1.92E-04
27.7	1.89E-04
27.8	1.87E-04
27.9	1.84E-04
28	1.80E-04
28.1	1.80E-04
28.2	1.81E-04
28.3	1.78E-04
28.4	1.76E-04
28.5	1.73E-04
28.6	1.70E-04
28.7	1.68E-04
28.8	1.65E-04
28.9	1.63E-04
29	1.61E-04
29.1	1.59E-04
29.2	1.56E-04
29.3	1.54E-04
29.4	1.50E-04
29.5	1.47E-04
29.6	1.44E-04
29.7	1.42E-04
29.8	1.38E-04
29.9	1.35E-04
30	1.33E-04
30.1	1.30E-04
30.2	1.26E-04
30.3	1.23E-04
30.4	1.21E-04
30.5	1.18E-04
30.6	1.16E-04
30.7	1.12E-04
30.8	1.09E-04
30.9	1.08E-04
31	1.08E-04
31.1	1.00E-04
31.2	9.57E-05
31.3	9.32E-05
31.4	9.03E-05
31.5	8.71E-05
31.6	8.39E-05
31.7	8.08E-05
31.8	7.94E-05
31.9	7.76E-05
32	7.46E-05
32.1	7.22E-05
32.2	6.99E-05
32.3	6.73E-05
32.4	6.53E-05
32.5	6.34E-05
32.6	6.15E-05
32.7	5.89E-05
32.8	5.70E-05
32.9	5.51E-05
33	5.33E-05
33.1	5.18E-05
33.2	5.06E-05
33.3	4.97E-05
33.4	4.85E-05
33.5	4.67E-05
33.6	3.92E-05
33.7	3.84E-05
33.8	3.75E-05
33.9	3.64E-05
34	3.54E-05
34.1	3.43E-05
34.2	3.32E-05
34.3	3.22E-05
34.4	3.14E-05
34.5	3.09E-05
34.6	3.02E-05
34.7	2.95E-05
34.8	2.86E-05
34.9	2.77E-05
35	2.71E-05
35.1	2.82E-05
35.2	2.77E-05
35.3	2.71E-05
35.4	2.66E-05
35.5	2.61E-05
35.6	2.56E-05
35.7	2.51E-05
35.8	2.43E-05
35.9	2.35E-05
36	2.28E-05
36.1	2.20E-05
36.2	2.13E-05
36.3	2.06E-05
36.4	1.99E-05
36.5	1.92E-05
36.6	1.86E-05
36.7	1.80E-05
36.8	1.75E-05
36.9	1.71E-05
37	1.69E-05
37.1	1.67E-05
37.2	1.66E-05
37.3	1.67E-05
37.4	1.67E-05
37.5	1.68E-05
37.6	1.69E-05
37.7	1.70E-05
37.8	1.70E-05
37.9	1.69E-05
38	1.68E-05
38.1	1.67E-05
38.2	1.65E-05
38.3	1.63E-05
38.4	1.61E-05
38.5	1.58E-05
38.6	1.55E-05
38.7	1.52E-05
38.8	1.49E-05
38.9	1.46E-05
39	1.43E-05
39.1	1.39E-05
39.2	1.36E-05
39.3	1.33E-05
39.4	1.30E-05
39.5	1.27E-05
39.6	1.24E-05
39.7	1.21E-05
39.8	1.18E-05
39.9	1.15E-05
40	1.03E-05
40.1	1.02E-05
40.2	1.00E-05
40.3	9.90E-06
40.4	9.81E-06
40.5	9.73E-06
40.6	9.64E-06
40.7	9.59E-06
40.8	9.55E-06
40.9	9.50E-06
41	9.52E-06
41.1	9.59E-06
41.2	9.66E-06
41.3	9.75E-06
41.4	1.23E-05
41.5	1.26E-05
41.6	1.28E-05
41.7	1.31E-05
41.8	1.35E-05
41.9	1.38E-05
42	1.41E-05
42.1	1.42E-05
42.2	1.43E-05
42.3	1.43E-05
42.4	1.44E-05
42.5	1.44E-05
42.6	1.45E-05
42.7	1.47E-05
42.8	1.48E-05
42.9	1.49E-05
43	1.50E-05
43.1	1.51E-05
43.2	1.52E-05
43.3	1.53E-05
43.4	1.54E-05
43.5	1.55E-05
43.6	1.56E-05
43.7	1.57E-05
43.8	1.58E-05
43.9	1.59E-05
44	1.59E-05
44.1	1.59E-05
44.2	1.60E-05
44.3	1.60E-05
44.4	1.59E-05
44.5	1.59E-05
44.6	1.59E-05
44.7	1.59E-05
44.8	1.60E-05
44.9	1.63E-05
45	1.66E-05
45.1	1.68E-05
45.2	1.72E-05
45.3	1.77E-05
45.4	1.80E-05
45.5	1.85E-05
45.6	1.90E-05
45.7	1.97E-05
45.8	2.01E-05
45.9	2.08E-05
46	2.14E-05
46.1	2.18E-05
46.2	2.21E-05
46.3	2.24E-05
46.4	2.27E-05
46.5	2.29E-05
46.6	2.32E-05
46.7	2.33E-05
46.8	2.36E-05
46.9	2.37E-05
47	2.38E-05
47.1	2.41E-05
47.2	2.42E-05
47.3	2.43E-05
47.4	2.46E-05
47.5	2.48E-05
47.6	2.49E-05
47.7	2.52E-05
47.8	2.57E-05
47.9	2.60E-05
48	2.65E-05
48.1	2.70E-05
48.2	2.75E-05
48.3	2.81E-05
48.4	2.86E-05
48.5	2.92E-05
48.6	2.98E-05
48.7	3.03E-05
48.8	3.09E-05
48.9	3.15E-05
49	3.20E-05
49.1	3.29E-05
49.2	3.39E-05
49.3	3.49E-05
49.4	3.58E-05
49.5	3.68E-05
49.6	3.77E-05
49.7	3.76E-05
49.8	3.74E-05
49.9	3.73E-05
50	3.72E-05
50.1	3.77E-05
50.2	3.84E-05
50.3	3.90E-05
50.4	3.96E-05
50.5	4.02E-05
50.6	4.09E-05
50.7	4.15E-05
50.8	4.22E-05
50.9	4.30E-05
51	4.37E-05
51.1	4.48E-05
51.2	4.60E-05
51.3	4.72E-05
51.4	4.85E-05
51.5	4.97E-05
51.6	5.10E-05
51.7	5.19E-05
51.8	5.20E-05
51.9	5.22E-05
52	5.24E-05
52.1	5.31E-05
52.2	5.39E-05
52.3	5.47E-05
52.4	5.55E-05
52.5	5.64E-05
52.6	5.71E-05
52.7	5.80E-05
52.8	5.88E-05
52.9	5.96E-05
53	6.05E-05
53.1	6.15E-05
53.2	6.24E-05
53.3	6.35E-05
53.4	6.46E-05
53.5	6.55E-05
53.6	6.65E-05
53.7	6.75E-05
53.8	6.85E-05
53.9	6.95E-05
54	6.88E-05
54.1	6.95E-05
54.2	7.03E-05
54.3	7.11E-05
54.4	7.19E-05
54.5	7.28E-05
54.6	7.36E-05
54.7	7.45E-05
54.8	7.54E-05
54.9	7.63E-05
55	7.71E-05
55.1	7.78E-05
55.2	7.87E-05
55.3	7.96E-05
55.4	8.06E-05
55.5	8.16E-05
55.6	8.26E-05
55.7	8.35E-05
55.8	8.45E-05
55.9	8.54E-05
56	8.63E-05
56.1	8.71E-05
56.2	8.87E-05
56.3	9.03E-05
56.4	9.10E-05
56.5	9.18E-05
56.6	9.26E-05
56.7	9.33E-05
56.8	9.41E-05
56.9	9.48E-05
57	9.63E-05
57.1	9.69E-05
57.2	9.83E-05
57.3	9.90E-05
57.4	1.00E-04
57.5	1.02E-04
57.6	1.03E-04
57.7	1.05E-04
57.8	1.06E-04
57.9	1.07E-04
58	1.09E-04
58.1	1.11E-04
58.2	1.12E-04
58.3	1.14E-04
58.4	1.15E-04
58.5	1.17E-04
58.6	1.19E-04
58.7	1.20E-04
58.8	1.22E-04
58.9	1.23E-04
59	1.25E-04
59.1	1.28E-04
59.2	1.29E-04
59.3	1.31E-04
59.4	1.32E-04
59.5	1.34E-04
59.6	1.36E-04
59.7	1.38E-04
59.8	1.39E-04
59.9	1.41E-04
60	1.43E-04
60.1	1.45E-04
60.2	1.46E-04
60.3	1.48E-04
60.4	1.50E-04
60.5	1.52E-04
60.6	1.54E-04
60.7	1.56E-04
60.8	1.58E-04
60.9	1.60E-04
61	1.62E-04
61.1	1.64E-04
61.2	1.66E-04
61.3	1.68E-04
61.4	1.70E-04
61.5	1.72E-04
61.6	1.73E-04
61.7	1.74E-04
61.8	1.76E-04
61.9	1.77E-04
62	1.78E-04
62.1	1.80E-04
62.2	1.81E-04
62.3	1.83E-04
62.4	1.85E-04
62.5	1.88E-04
62.6	1.90E-04
62.7	1.92E-04
62.8	1.94E-04
62.9	1.96E-04
63	1.98E-04
63.1	2.00E-04
63.2	2.03E-04
63.3	2.05E-04
63.4	2.08E-04
63.5	2.11E-04
63.6	2.14E-04
63.7	2.17E-04
63.8	2.20E-04
63.9	2.23E-04
64	2.26E-04
64.1	2.28E-04
64.2	2.31E-04
64.3	2.34E-04
64.4	2.36E-04
64.5	2.39E-04
64.6	2.42E-04
64.7	2.43E-04
64.8	2.45E-04
64.9	2.48E-04
65	2.49E-04
65.1	2.45E-04
65.2	2.42E-04
65.3	2.43E-04
65.4	2.46E-04
65.5	2.50E-04
65.6	2.54E-04
65.7	2.58E-04
65.8	2.62E-04
65.9	2.66E-04
66	2.70E-04
66.1	2.73E-04
66.2	2.77E-04
66.3	2.82E-04
66.4	2.86E-04
66.5	2.90E-04
66.6	2.95E-04
66.7	3.00E-04
66.8	3.03E-04
66.9	3.07E-04
67	3.10E-04
67.1	3.14E-04
67.2	3.17E-04
67.3	3.20E-04
67.4	3.22E-04
67.5	3.24E-04
67.6	3.25E-04
67.7	3.27E-04
67.8	3.28E-04
67.9	3.30E-04
68	3.31E-04
68.1	3.32E-04
68.2	3.34E-04
68.3	3.35E-04
68.4	3.36E-04
68.5	3.37E-04
68.6	3.38E-04
68.7	3.39E-04
68.8	3.40E-04
68.9	3.41E-04
69	3.41E-04
69.1	3.42E-04
69.2	3.44E-04
69.3	3.42E-04
69.4	3.44E-04
69.5	3.43E-04
69.6	3.45E-04
69.7	3.43E-04
69.8	3.42E-04
69.9	3.44E-04
70	3.43E-04
70.1	3.44E-04
70.2	3.43E-04
70.3	3.42E-04
70.4	3.40E-04
70.5	3.42E-04
70.6	3.38E-04
70.7	3.36E-04
70.8	3.35E-04
70.9	3.30E-04
71	3.29E-04
71.1	3.28E-04
71.2	3.23E-04
71.3	3.19E-04
71.4	3.17E-04
71.5	3.13E-04
71.6	3.08E-04
71.7	3.06E-04
71.8	3.02E-04
71.9	2.99E-04
72	2.96E-04
72.1	2.93E-04
72.2	2.89E-04
72.3	2.86E-04
72.4	2.83E-04
72.5	2.80E-04
72.6	2.77E-04
72.7	2.73E-04
72.8	2.70E-04
72.9	2.67E-04
73	2.64E-04
73.1	2.61E-04
73.2	2.57E-04
73.3	2.54E-04
73.4	2.51E-04
73.5	2.48E-04
73.6	2.44E-04
73.7	2.40E-04
73.8	2.36E-04
73.9	2.32E-04
74	2.28E-04
74.1	2.24E-04
74.2	2.20E-04
74.3	2.15E-04
74.4	2.10E-04
74.5	2.05E-04
74.6	2.00E-04
74.7	1.95E-04
74.8	1.90E-04
74.9	1.85E-04
75	1.80E-04
75.1	1.75E-04
75.2	1.70E-04
75.3	1.65E-04
75.4	1.61E-04
75.5	1.56E-04
75.6	1.52E-04
75.7	1.48E-04
75.8	1.44E-04
75.9	1.40E-04
76	1.36E-04
76.1	1.32E-04
76.2	1.29E-04
76.3	1.25E-04
76.4	1.21E-04
76.5	1.18E-04
76.6	1.14E-04
76.7	1.11E-04
76.8	1.08E-04
76.9	1.05E-04
77	1.02E-04
77.1	9.87E-05
77.2	9.59E-05
77.3	9.28E-05
77.4	9.00E-05
77.5	8.73E-05
77.6	8.48E-05
77.7	8.23E-05
77.8	7.98E-05
77.9	7.74E-05
78	7.50E-05
78.1	7.28E-05
78.2	7.04E-05
78.3	6.80E-05
78.4	6.58E-05
78.5	6.37E-05
78.6	6.18E-05
78.7	6.00E-05
78.8	5.81E-05
78.9	5.63E-05
79	5.45E-05
79.1	5.27E-05
79.2	5.07E-05
79.3	4.86E-05
79.4	4.64E-05
79.5	4.44E-05
79.6	4.24E-05
79.7	4.05E-05
79.8	3.85E-05
79.9	3.66E-05
80	3.49E-05
80.1	3.32E-05
80.2	3.15E-05
80.3	2.94E-05
80.4	2.75E-05
80.5	2.52E-05
80.6	2.29E-05
80.7	2.07E-05
80.8	1.85E-05
80.9	1.65E-05
81	1.47E-05
81.1	1.31E-05
81.2	1.15E-05
81.3	1.01E-05
81.4	8.88E-06
81.5	7.75E-06
81.6	6.71E-06
81.7	5.75E-06
81.8	4.88E-06
81.9	4.09E-06
82	3.40E-06
82.1	2.82E-06
82.2	2.30E-06
82.3	1.88E-06
82.4	1.51E-06
82.5	1.23E-06
82.6	9.80E-07
82.7	7.77E-07
82.8	6.22E-07
82.9	4.83E-07
83	3.81E-07
83.1	2.94E-07
83.2	2.23E-07
83.3	1.71E-07
83.4	1.25E-07
83.5	9.49E-08
83.6	6.94E-08
83.7	5.04E-08
83.8	3.68E-08
83.9	2.52E-08
84	1.86E-08
84.1	1.28E-08
84.2	8.95E-09
84.3	6.37E-09
84.4	4.30E-09
84.5	3.25E-09
84.6	2.33E-09
84.7	1.72E-09
84.8	1.27E-09
84.9	9.11E-10
85	6.80E-10
85.1	4.81E-10
85.2	3.48E-10
85.3	2.50E-10
85.4	1.72E-10
85.5	3.76E-10
85.6	2.59E-10
85.7	1.99E-10
85.8	1.56E-10
85.9	1.26E-10
86	1.13E-10
86.1	1.01E-10
86.2	9.04E-11
86.3	8.06E-11
86.4	7.18E-11
86.5	6.42E-11
86.6	5.68E-11
86.7	5.09E-11
86.8	4.51E-11
86.9	4.02E-11
87	3.61E-11
87.1	3.22E-11
87.2	2.97E-11
87.3	2.73E-11
87.4	2.52E-11
87.5	2.34E-11
87.6	2.17E-11
87.7	2.02E-11
87.8	1.87E-11
87.9	1.73E-11
88	1.60E-11
88.1	1.48E-11
88.2	1.38E-11
88.3	1.27E-11
88.4	1.18E-11
88.5	1.09E-11
88.6	1.01E-11
88.7	9.36E-12
88.8	8.64E-12
88.9	8.01E-12
89	7.42E-12
89.1	6.85E-12
89.2	6.35E-12
89.3	5.85E-12
89.4	5.41E-12
89.5	5.01E-12
89.6	4.64E-12
89.7	4.27E-12
89.8	3.94E-12
89.9	3.64E-12
90	3.36E-12
90.1	3.12E-12
90.2	2.91E-12
90.3	2.69E-12
90.4	2.50E-12
90.5	2.33E-12
90.6	2.17E-12
90.7	2.00E-12
90.8	1.87E-12
90.9	1.73E-12
91	1.61E-12
91.1	1.49E-12
91.2	1.39E-12
91.3	1.29E-12
91.4	1.20E-12
91.5	1.12E-12
91.6	1.04E-12
91.7	9.69E-13
91.8	9.06E-13
91.9	8.41E-13
92	7.84E-13
92.1	7.28E-13
92.2	6.75E-13
92.3	6.25E-13
92.4	5.82E-13
92.5	5.37E-13
92.6	5.00E-13
92.7	4.63E-13
92.8	4.30E-13
92.9	4.03E-13
93	3.74E-13
93.1	3.54E-13
93.2	3.34E-13
93.3	3.14E-13
93.4	2.98E-13
93.5	2.81E-13
93.6	2.66E-13
93.7	2.50E-13
93.8	2.38E-13
93.9	2.23E-13
94	2.11E-13
94.1	2.00E-13
94.2	1.89E-13
94.3	1.78E-13
94.4	1.69E-13
94.5	1.59E-13
94.6	1.50E-13
94.7	1.42E-13
94.8	1.34E-13
94.9	1.27E-13
95	1.20E-13
95.1	1.13E-13
95.2	1.07E-13
95.3	1.01E-13
95.4	9.54E-14
95.5	8.98E-14
95.6	8.47E-14
95.7	7.96E-14
95.8	7.51E-14
95.9	7.07E-14
96	6.66E-14
96.1	6.27E-14
96.2	5.90E-14
96.3	5.56E-14
96.4	5.23E-14
96.5	4.92E-14
96.6	4.63E-14
96.7	4.35E-14
96.8	4.10E-14
96.9	3.85E-14
97	3.63E-14
97.1	3.41E-14
97.2	3.21E-14
97.3	3.02E-14
97.4	2.85E-14
97.5	2.69E-14
97.6	2.53E-14
97.7	2.39E-14
97.8	2.26E-14
97.9	2.13E-14
98	2.02E-14
98.1	1.90E-14
98.2	1.79E-14
98.3	1.69E-14
98.4	1.59E-14
98.5	1.51E-14
98.6	1.42E-14
98.7	1.34E-14
98.8	1.27E-14
98.9	1.19E-14
99	1.13E-14
99.1	1.07E-14
99.2	1.02E-14
99.3	9.71E-15
99.4	9.22E-15
99.5	8.77E-15
99.6	8.36E-15
99.7	7.99E-15
99.8	7.57E-15
99.9	7.23E-15
100	6.89E-15